epoch:0 0.0171  0.0317  0.0165  0.0144  0.0227  0.0  0.0149  0.0824  0.1219  0.1132  0.1474  0.0  0.5156  0.005
epoch:1 0.022  0.04  0.0219  0.0187  0.0301  0.0  0.0204  0.0969  0.1333  0.1163  0.1727  0.0  0.3798  0.005
epoch:2 0.0238  0.0429  0.0241  0.0192  0.0326  0.0  0.0207  0.1041  0.1459  0.1363  0.1776  0.0  0.3571  0.005
epoch:3 0.0268  0.0466  0.0284  0.0216  0.0358  0.0  0.023  0.1118  0.1566  0.146  0.1914  0.0  0.3269  0.00165
epoch:4 0.0279  0.0495  0.0289  0.0225  0.038  0.0  0.0242  0.1104  0.1536  0.1455  0.185  0.0  0.3205  0.00165
epoch:5 0.0291  0.051  0.0303  0.0232  0.0393  0.0  0.0251  0.1165  0.1595  0.1499  0.1943  0.0  0.3136  0.00165
epoch:6 0.0274  0.0482  0.0286  0.0223  0.0374  0.0  0.0251  0.1153  0.1582  0.1497  0.1913  0.0  0.3003  0.000545
epoch:7 0.0272  0.0484  0.0282  0.022  0.0379  0.0  0.0245  0.1089  0.1493  0.1393  0.184  0.0  0.297  0.000545
epoch:8 0.0291  0.0512  0.0305  0.0237  0.039  0.0  0.0254  0.115  0.1552  0.1444  0.1922  0.0  0.2925  0.000545
epoch:9 0.028  0.0497  0.029  0.0231  0.0378  0.0  0.0247  0.1119  0.1523  0.1439  0.1853  0.0  0.2872  0.00018
epoch:10 0.0284  0.0501  0.0294  0.0227  0.0389  0.0  0.0255  0.1159  0.1577  0.1484  0.1931  0.0  0.2852  0.00018
epoch:11 0.0284  0.0497  0.0301  0.0227  0.0381  0.0  0.0254  0.1142  0.1573  0.1486  0.192  0.0  0.2838  0.00018
epoch:12 0.0285  0.05  0.0297  0.0233  0.0384  0.0  0.0249  0.115  0.1567  0.1471  0.1927  0.0  0.2803  5.9e-05
epoch:13 0.0281  0.0493  0.0294  0.0228  0.0375  0.0  0.0251  0.1127  0.1548  0.1468  0.1874  0.0  0.2798  5.9e-05
epoch:14 0.028  0.0493  0.029  0.0225  0.0376  0.0  0.0246  0.112  0.1542  0.1461  0.1867  0.0  0.2793  5.9e-05
